0 24 26
1 27 28
2 28 30
3 29 31
4 32 34
5 29 30
6 29 32
7 32 33
8 35 39
9 27 28
10 30 31
11 29 30
12 36 37
13 30 31
14 39 41
15 39 43
16 34 40
17 37 44
18 42 49
19 43 53
20 43 44
21 37 38
22 40 42
23 36 43
24 40 44
25 37 42
26 41 44
27 41 47
28 44 45
29 42 50
30 42 43
31 38 41
32 38 45
33 36 39
34 37 41
35 35 45
36 37 40
37 41 50
38 34 37
39 37 43
40 35 40
41 35 40
42 34 36
43 32 35
44 32 38
45 28 29
46 30 37
47 33 37
48 32 34
49 27 31
50 22 24
51 24 32
52 24 28
53 32 40
54 23 24
55 22 27
56 20 24
57 19 20
58 18 28
59 21 27
60 11 15
61 13 15
62 7 9
63 8 9
64 7 8
65 5 6
66 3 5
total 2224 67